number_of_NFSs 7

0.0 2.7 3.3 3.5 2.1 4.0 3.7 
2.7 0.0 3.3 3.5 3.9 2.7 3.7 
3.3 3.3 0.0 3.7 4.0 3.0 3.0 
3.5 3.5 3.7 0.0 2.9 2.4 2.2 
2.1 3.9 4.0 2.9 0.0 3.5 3.3 
4.0 2.7 3.0 2.4 3.5 0.0 3.3 
3.7 3.7 3.0 2.2 3.3 3.3 0.0 
