number_of_NFSs 7

0.0 3.2 2.0 3.1 2.3 2.9 3.1 
3.2 0.0 3.3 3.6 2.2 3.7 3.4 
2.0 3.3 0.0 3.6 3.1 4.0 3.5 
3.1 3.6 3.6 0.0 3.7 3.2 3.8 
2.3 2.2 3.1 3.7 0.0 4.0 3.6 
2.9 3.7 4.0 3.2 4.0 0.0 2.4 
3.1 3.4 3.5 3.8 3.6 2.4 0.0 
