number_of_NFSs 7

0.0 3.2 2.7 2.1 2.3 3.7 2.8 
3.2 0.0 2.4 2.5 2.0 2.9 3.8 
2.7 2.4 0.0 2.1 2.9 2.7 3.9 
2.1 2.5 2.1 0.0 3.9 3.3 2.1 
2.3 2.0 2.9 3.9 0.0 2.0 4.0 
3.7 2.9 2.7 3.3 2.0 0.0 3.9 
2.8 3.8 3.9 2.1 4.0 3.9 0.0 
