number_of_NFSs 7

0.0 2.4 2.9 3.1 2.8 4.0 3.0 
2.4 0.0 3.8 3.1 4.0 2.8 2.1 
2.9 3.8 0.0 2.9 3.1 2.4 2.9 
3.1 3.1 2.9 0.0 2.2 4.0 3.5 
2.8 4.0 3.1 2.2 0.0 3.5 3.7 
4.0 2.8 2.4 4.0 3.5 0.0 2.8 
3.0 2.1 2.9 3.5 3.7 2.8 0.0 
